function getMeshLibCols(str){
  const items = Array.from(str.matchAll(/[0-9]* ([0-9a-f]{2})([0-9a-f]{2})([0-9a-f]{2})([0-9a-f]{2})/gi))
  return items.map(match => {
    const a = parseInt(match[1], 16)
    const r = parseInt(match[2], 16)
    const g = parseInt(match[3], 16)
    const b = parseInt(match[4], 16)
    return [r,g,b,a]
  })
}

const meshLibs = {
  blocksLibrary2: [[166,170,25,255],[16,142,41,255],[137,84,9,255],[9,74,137,255],[255,255,255,255],[0,0,0,255],[170,25,25,255],[138,25,170,255],[255,255,0,255],[255,137,0,255],[255,89,173,255],[166,170,25,255],[16,142,41,255],[137,84,9,255],[9,74,137,255],[255,255,255,255],[0,0,0,255],[170,25,25,255],[138,25,170,255],[255,255,0,255],[255,137,0,255],[255,89,173,255],[166,170,25,255],[16,142,41,255],[137,84,9,255],[9,74,137,255],[255,255,255,255],[0,0,0,255],[170,25,25,255],[138,25,170,255],[255,255,0,255],[255,137,0,255],[255,89,173,255]],
  blocksLibrary: [[166,170,25,255],[16,142,41,255],[137,84,9,255],[9,74,137,255],[255,255,255,255],[0,0,0,255],[170,25,25,255],[138,25,170,255]],
  blocksLibraryLarge2: [[166,170,25,255],[16,142,41,255],[137,84,9,255],[9,74,137,255],[255,255,255,255],[0,0,0,255],[170,25,25,255],[138,25,170,255],[255,255,0,255],[255,137,0,255],[255,89,173,255],[102,168,232,255],[180,148,76,255],[177,177,177,255],[70,70,70,255],[255,0,0,255],[0,255,177,255],[157,157,157,44]],
  blocksLibraryLarge: [[166,170,25,255],[16,142,41,255],[137,84,9,255],[9,74,137,255],[255,255,255,255],[0,0,0,255],[170,25,25,255],[138,25,170,255],[255,255,0,255],[255,137,0,255],[255,89,173,255],[102,168,232,255],[180,148,76,255],[177,177,177,255],[70,70,70,255],[255,0,0,255],[0,255,177,255],[157,157,157,44],[39,145,165,255],[255,0,190,255],[74,255,0,255],[243,215,147,255],[166,170,25,255],[16,142,41,255],[137,84,9,255],[9,74,137,255],[255,255,255,255],[0,0,0,255],[170,25,25,255],[138,25,170,255],[255,255,0,255],[255,137,0,255],[255,89,173,255],[102,168,232,255],[180,148,76,255],[177,177,177,255],[70,70,70,255],[255,0,0,255],[0,255,177,255],[166,170,25,255],[16,142,41,255],[137,84,9,255],[9,74,137,255],[255,255,255,255],[0,0,0,255],[170,25,25,255],[138,25,170,255],[255,255,0,255],[255,137,0,255],[255,89,173,255],[102,168,232,255],[180,148,76,255],[177,177,177,255],[70,70,70,255],[255,0,0,255],[0,255,177,255],[13,54,58,255],[0,0,51,255],[51,0,51,255],[20,0,51,255],[51,0,0,255],[51,51,0,255],[176,176,176,166],[163,165,255,255],[204,255,187,255],[203,159,255,255],[255,195,195,255],[163,255,251,255],[236,189,0,255],[190,194,203,255],[255,0,190,255],[74,255,0,255],[243,215,147,255],[13,54,58,255],[0,0,51,255],[20,0,51,255],[51,0,51,255],[51,0,0,255],[51,51,0,255],[176,176,176,166],[39,145,165,255],[157,157,157,44],[255,255,255,166],[0,0,0,166],[170,25,25,166],[9,74,137,166],[16,142,41,166],[255,255,0,166],[138,25,170,166],[255,137,0,166],[137,84,9,166],[0,255,255,255],[153,27,81,255],[0,0,112,255],[2,159,132,255],[24,24,240,255],[119,221,119,255],[255,89,173,255],[134,21,21,255],[157,157,157,44],[39,145,165,255],[255,0,190,255],[74,255,0,255],[243,215,147,255],[13,54,58,255],[0,0,51,255],[51,0,51,255],[20,0,51,255],[51,0,0,255],[51,51,0,255],[176,176,176,166],[236,189,0,255],[190,194,203,255],[163,165,255,255],[204,255,187,255],[203,159,255,255],[255,195,195,255],[255,195,195,255],[163,255,251,255],[255,255,255,166],[0,0,0,166],[170,25,25,166],[9,74,137,166],[16,142,41,166],[255,255,0,166],[138,25,170,166],[255,137,0,166],[137,84,9,166],[0,255,255,255],[153,27,81,255],[0,0,112,255],[2,159,132,255],[24,24,240,255],[119,221,119,255],[255,89,173,255],[134,21,21,255],[236,189,0,255],[190,194,203,255],[163,165,255,255],[204,255,187,255],[203,159,255,255],[255,195,195,255],[163,255,251,255],[255,255,255,166],[0,0,0,166],[170,25,25,166],[9,74,137,166],[16,142,41,166],[255,255,0,166],[138,25,170,166],[255,137,0,166],[137,84,9,166],[0,255,255,255],[153,27,81,255],[0,0,112,255],[2,159,132,255],[24,24,240,255],[119,221,119,255],[255,89,173,255],[134,21,21,255],[0,0,0,255],[0,0,0,255],[0,0,0,255],[0,255,177,166],[128,255,0,166],[255,0,0,166],[24,24,240,166],[243,215,147,166],[0,255,255,166],[180,148,76,166],[74,255,0,166],[255,0,190,166],[0,0,112,166],[163,255,251,166],[255,195,195,166],[255,89,173,166],[2,159,132,166],[128,255,0,255],[255,127,80,255],[128,255,0,255],[255,127,80,255],[82,121,20,255]],
  blocksLibraryLargeOnly: [[166,170,25,255],[16,142,41,255],[137,84,9,255],[9,74,137,255],[255,255,255,255],[0,0,0,255],[170,25,25,255],[138,25,170,255],[255,255,0,255],[255,137,0,255],[255,89,173,255],[102,168,232,255],[180,148,76,255],[177,177,177,255],[70,70,70,255],[255,0,0,255],[0,255,177,255],[157,157,157,44],[39,145,165,255],[255,0,190,255],[74,255,0,255],[243,215,147,255],[163,165,255,255],[204,255,187,255],[203,159,255,255],[255,195,195,255],[163,255,251,255],[13,54,58,255],[0,0,51,255],[51,0,51,255],[20,0,51,255],[51,0,0,255],[51,51,0,255],[236,189,0,255],[190,194,203,255],[176,176,176,166]],
  blocksLibrarySmall: [[166,170,25,255],[16,142,41,255],[137,84,9,255],[9,74,137,255],[255,255,255,255],[0,0,0,255],[170,25,25,255],[138,25,170,255],[255,255,0,255],[255,137,0,255],[255,89,173,255],[102,168,232,255],[180,148,76,255],[177,177,177,255],[70,70,70,255],[255,0,0,255],[0,255,177,255]],
  blocksLibraryTiny20230110: [[166,170,25,255],[16,142,41,255],[137,84,9,255],[9,74,137,255],[255,255,255,255],[0,0,0,255],[170,25,25,255],[138,25,170,255],[255,255,0,255],[255,137,0,255],[255,89,173,255],[102,168,232,255],[180,148,76,255],[177,177,177,255],[70,70,70,255],[255,0,0,255],[0,255,177,255],[255,0,190,255],[74,255,0,255],[243,215,147,255],[13,54,58,255],[0,0,51,255],[20,0,51,255],[51,0,51,255],[51,0,0,255],[51,51,0,255],[176,176,176,166],[39,145,165,255],[157,157,157,44]],
  blocksLibraryTiny20230124: [[166,170,25,255],[16,142,41,255],[137,84,9,255],[9,74,137,255],[255,255,255,255],[0,0,0,255],[170,25,25,255],[138,25,170,255],[255,255,0,255],[255,137,0,255],[255,89,173,255],[102,168,232,255],[180,148,76,255],[177,177,177,255],[70,70,70,255],[255,0,0,255],[0,255,177,255],[255,0,190,255],[74,255,0,255],[243,215,147,255],[13,54,58,255],[0,0,51,255],[20,0,51,255],[51,0,51,255],[51,0,0,255],[51,51,0,255],[236,189,0,255],[190,194,203,255],[163,165,255,255],[204,255,187,255],[203,159,255,255],[255,195,195,255],[163,255,251,255],[176,176,176,166],[39,145,165,255],[157,157,157,44]],
  blocksLibraryTiny: [[166,170,25,255],[16,142,41,255],[137,84,9,255],[9,74,137,255],[255,255,255,255],[0,0,0,255],[170,25,25,255],[138,25,170,255],[255,255,0,255],[255,137,0,255],[255,89,173,255],[102,168,232,255],[180,148,76,255],[177,177,177,255],[70,70,70,255],[255,0,0,255],[0,255,177,255]],
  largeBlocksOnly20230328: [[166,170,25,255],[16,142,41,255],[137,84,9,255],[9,74,137,255],[255,255,255,255],[0,0,0,255],[170,25,25,255],[138,25,170,255],[255,255,0,255],[255,137,0,255],[255,89,173,255],[102,168,232,255],[180,148,76,255],[177,177,177,255],[70,70,70,255],[255,0,0,255],[0,255,177,255],[157,157,157,44],[39,145,165,255],[255,0,190,255],[74,255,0,255],[243,215,147,255],[163,165,255,255],[204,255,187,255],[203,159,255,255],[255,195,195,255],[163,255,251,255],[13,54,58,255],[0,0,51,255],[51,0,51,255],[20,0,51,255],[51,0,0,255],[51,51,0,255],[236,189,0,255],[190,194,203,255],[176,176,176,166],[255,255,255,166],[0,0,0,166],[170,25,25,166],[9,74,137,166],[16,142,41,166],[255,255,0,166],[138,25,170,166],[255,137,0,166],[137,84,9,166],[0,255,255,255],[153,27,81,255],[0,0,112,255],[2,159,132,255],[24,24,240,255],[119,221,119,255],[255,89,173,255],[134,21,21,255]],
  roundBlocks: [[255,255,0,255],[243,215,147,255],[137,84,9,255],[9,74,137,255],[255,255,255,255],[0,0,0,255],[170,25,25,255],[138,25,170,255]]
}